  0.01026  0.001849 6.204e-05 -0.008072   0.00602   0.01616
  0.006098   0.004212   -0.00536 -0.0008811    0.01278    0.01189
 0.008195   0.00306 -0.004113 -0.002853   0.01364   0.01542
 0.003467  0.004055 -0.007556 0.0005451    0.0206   0.01719
-0.0005538   0.007431    -0.0104  -0.004263    0.01427    0.01214
  0.01534  0.002642 -0.002259  -0.01241  0.004521  0.008725
   0.01211  -0.004877 -0.0007281  -0.005742    0.01747    0.01819
 0.009137  0.007893 -0.009355  0.007035   0.02249   0.01737
  0.01573   0.00125 -0.004181 -0.002097   0.03026   0.02003
-0.002219  0.004395  -0.00788  0.003089   0.04506   0.02223
 0.001702  0.005445 -0.007456 -0.005364   0.03031   0.02224
 0.009154  0.002747 -0.001232 -0.009132   0.02381   0.01511
   0.00322 -0.0002351  -0.003455  -0.006721    0.02622    0.01367
 0.005721   0.00529 -0.005776 -0.003779   0.02304   0.01407
  0.002916 -0.0008865  -0.002517  -0.005823    0.02519    0.01787
0.004705 0.005192 -0.00787 0.000172  0.01892  0.01381
 0.003339  0.003721 -0.005783 -0.005124   0.02079    0.0126
-0.002141  0.003079 -0.007119 -0.005834   0.01765   0.01255
 0.005667  0.004719 -0.005975 -0.007715  0.008281  0.009756
  0.008603 -0.0006186  -0.004212   -0.01136    0.01088   0.006295
 0.006605  0.001634 -0.006901 -0.006497   0.01531 0.0006353
 0.005091  0.001647 -0.006623 -0.008488   0.02321  0.000901
-0.0005961   0.000895  -0.005803  -0.008037    0.02559   0.001652
 0.002662  0.002642 -0.009614 -0.008796   0.01929 -0.001516
 0.003324 0.0003938 -0.004599  -0.01533   0.02582  0.006628
-0.006655 -0.008265 -0.004237  -0.01307   0.02931   0.01397
  0.002474 -0.0009606  -0.006582  -0.004321    0.01958    0.01632
 0.001099 -0.002015 -0.005969 -0.002338   0.02105   0.01606
-0.0005404   -0.00391  -0.006329  -0.001104    0.01936    0.01779
 0.001483 -0.003578  -0.00641  0.001942   0.01583   0.01735
 0.001184 -0.002954 -0.005764  0.003377   0.01273   0.01405
   0.00829 -0.0008809  -0.004792    0.00815    0.01109    0.01276
 0.003913 -0.002952 -0.005173  0.007187   0.01977  0.009022
  0.00238    0.0009 -0.005559   0.01019   0.02188  0.006082
  0.003505 -0.0009919   -0.00425   0.009564    0.02711   0.007718
